0 1 13
0 5 11
0 1 17
0 7 20
0 8 10
0 2 18
0 4 20
0 6 16
0 5 19
0 8 15
1 3 12
1 4 20
1 5 18
1 5 13
1 6 14
1 4 18
1 4 19
1 5 18
1 4 16
1 5 17
2 2 17
2 7 12
2 3 17
2 7 20
2 8 11
2 3 19
2 3 17
2 3 18
2 2 16
2 2 13
3 2 11
3 1 10
3 3 11
3 7 14
3 8 11
3 1 12
3 4 10
3 4 19
3 4 12
3 5 10
4 5 10
4 2 16
4 2 13
4 3 14
4 3 16
4 4 19
4 2 20
4 3 10
4 8 11
4 5 11
5 5 10
5 3 17
5 6 19
5 3 17
5 2 17
5 8 13
5 3 14
5 1 19
5 5 14
5 5 14
6 2 20
6 7 15
6 8 11
6 4 20
6 1 18
6 8 19
6 5 20
6 7 11
6 4 13
6 2 13
7 3 15
7 1 18
7 7 14
7 3 12
7 7 13
7 8 12
7 7 13
7 5 20
7 6 17
7 5 12
8 4 13
8 5 15
8 3 15
8 7 10
8 4 20
8 5 15
8 7 13
8 5 11
8 8 16
8 2 18
9 8 16
9 6 11
9 1 16
9 6 12
9 3 14
9 8 10
9 5 15
9 4 20
9 6 14
9 2 13